4637
1827
3868
2610
6112
3673
5978
1050
1137
8512
6938
5289
4679
4312
9392
7106
3713
4848
4003
4975
6741
6290
7276
1597
4998
739
1595
2507
6283
6986
7336
755
1725
8288
8946
8756
3244
292
1978
1536
9465
8304
5318
8256
1088
4069
3079
3945
1961
7915
2207
1569
6597
7264
7424
8347
4551
2272
7611
5373
2078
3471
4766
4151
1176
6184
3565
6391
5366
637
3863
3422
2871
2467
5510
8436
973
9020
510
929
7660
7650
547
8367
4779
5768
4157
4460
865
600
4206
973
2681
6605
9458
5994
3539
1168
7080
4903
505
6688
8579
1324
4053
8785
8698
4131
1755
8987
7374
5530
1762
6682
7712
4428
2925
6398
9371
5408
2028
9104
5526
4767
6431
2891
741
6266
3008
9515
4898
9805
1941
5607
425
973
9070
9222
4315
5993
7070
27
2706
1877
3225
8675
9210
5998
8892
5031
3070
7140
1796
1673
2875
1401
1162
3813
4893
1162
8045
2432
1123
2239
4089
7569
3589
6155
6258
6740
5357
3703
2084
3379
8338
2002
6398
3650
1542
7755
3681
4742
7374
7977
6446
7758
8009
269
2732
9024
9811
5258
4329
3153
7948
4638
8903
468
7787
5655
5086
3055
9740
2152
9673
9366
5057
8417
3334
874
5002
7511
2271
7137
7481
3303
5058
3146
5792
6331
9559
3321
3424
7234
6928
99
9373
8930
5430
3700
3099
5931
5862
5886
2669
627
5001
5222
8303
7079
2702
9592
6934
1859
4022
2300
2987
7192
5672
4645
9579
5757
4675
1457
6096
1766
9630
2507
5223
9575
9992
6126
2987
9634
7774
9071
1650
6385
4468
6855
8301
9836
4843
8712
3629
9966
6387
1566
3212
4629
7112
2182
3258
786
4121
7341
1256
4406
9790
904
996
2495
9998
8728
7086
6575
6606
7300
4084
4950
651
6602
2724
8817
6344
9743
915
5962
7827
6129
5378
8065
9294
595
2463
7811
2869
2202
5514
434
7816
7244
6594
3564
5859
5807
9837
6114
1626
7053
3361
9086
7481
8262
3979
510
9458
4440
4441
4377
6426
5293
6578
3662
5525
2930
3200
9403
6265
9275
3707
4405
1787
3650
7134
3406
9
9159
2958
537
9906
4800
4336
774
2768
6292
584
1033
6616
1954
8352
8428
7760
1137
4007
2523
667
2933
8039
2930
2607
434
9849
2351
3347
8956
7300
3832
1129
573
502
299
1482
3904
4471
1627
957
5804
894
9233
2346
2168
2788
4311
924
5279
6644
650
9642
4611
2740
7075
1121
29
7930
9472
4950
1986
7427
3812
8991
6752
9903
6044
1453
8053
6946
3856
6666
2381
1567
4862
2040
8805
584
440
7646
5538
1428
8068
2312
6650
4189
6518
7832
3426
9178
1454
5974
4998
6676
8971
8377
7081
242
5594
2264
6743
2859
2870
8332
2789
3984
7262
3045
7878
5036
2315
9445
7491
1827
9412
559
9359
1501
2342
2564
3386
8212
8026
8875
5493
7881
1668
5705
2595
6485
4958
8563
4990
8175
903
2680
8557
9735
9522
2667
6926
3473
9953
8390
6864
2009
8482
3172
7264
8412
9018
5581
7900
3031
8877
8531
4832
3995
2839
4907
2317
1558
450
1394
79
3751
4455
9315
925
6732
2001
9623
1978
9674
5637
9913
8258
9636
2011
3485
9398
8495
8441
4183
7467
9376
663
1959
9298
2371
7847
4563
6896
4615
350
5369
3024
8560
8311
3113
7553
9167
2248
532
6411
9395
3604
8225
7394
8964
273
5196
1984
9354
5508
3821
3117
6266
3926
702
3088
2497
18
8553
8884
7438
2727
7362
9325
268
6889
9697
1325
8898
5932
232
6248
7909
7771
8072
5772
2437
4565
334
2098
2652
2580
7542
9107
6529
2253
6757
4634
7610
25
5057
9149
3695
1647
8973
6668
6242
8900
7127
2076
576
3871
3085
3423
5277
7572
5207
8495
5854
4929
652
7931
9684
6455
6233
4858
5184
8255
2796
8014
132
5063
3715
8874
876
1083
2554
6263
8797
1404
9530
3537
7438
8258
1523
8781
9494
4119
3830
8956
7046
8262
8780
2681
9373
7125
9465
7240
5414
4116
1484
7987
6105
9112
1944
5512
156
4211
2548
4195
5019
8944
9698
4451
5399
7114
494
1426
4932
7451
5363
1066
4425
3839
969
1869
6283
1035
9501
3750
1617
5314
849
4682
9919
1544
7432
8325
6314
6011
8626
5284
1572
9635
3938
8101
8564
4329
7281
2259
6632
8039
2308
7962
8752
419
3562
2266
8144
76
9228
9120
4710
8797
2578
9705
8095
5016
4531
3855
9682
2168
5112
8921
8825
80
9493
4789
9901
2867
3305
1954
3754
7242
7118
3577
3006
2887
5929
9500
7982
5166
182
6239
6782
9505
575
2774
7058
4232
7
3548
9797
3426
2576
4465
2928
3387
9136
8673
926
8772
2364
5278
6770
7275
5367
7467
1680
9000
6700
5209
9087
5031
5873
4516
1986
8872
2139
9320
9504
6719
7731
5670
2860
9756
2156
328
4666
2654
650
9618
3750
7256
8575
9209
2803
4903
9468
9507
4138
3108
1095
8058
7532
4798
4461
4767
7552
8059
2479
4055
1249
9816
9169
4206
1041
6694
2418
7013
5119
5040
2801
9026
8351
7081
1459
1831
6456
6664
1714
7083
9404
2632
5182
6397
5625
9673
8137
8062
5296
7389
2775
6607
175
6594
8370
3933
8087
4370
8168
6108
2486
2455
4388
9098
307
2069
9706
452
3339
2630
8311
889
6346
5396
4651
8617
4634
2773
8580
1368
8556
4356
1718
7730
2265
6194
8851
1757
8710
7525
3744
2086
8495
5605
4597
6949
8243
6084
6090
3556
9966
7686
4724
2666
9077
1887
262
4779
1943
9753
9299
5315
5789
6801
7552
8129
738
6657
6833
4113
3218
7950
1741
5813
8885
6225
2393
741
799
7702
374
8550
6682
5024
1401
871
9631
9051
8653
379
5933
4072
9814
8957
8226
8429
6297
1695
8053
6467
6212
1586
9250
1977
339
2017
5945
8911
3781
2853
9493
9520
3981
4241
9379
749
8632
765
5400
6681
8498
1686
8004
6455
8180
9145
8136
2784
7586
456
9927
699
2688
4331
1491
8787
9300
4705
4686
9384
4926
721
5271
5800
885
6412
92
5573
9577
7478
9797
5533
6294
1373
7969
4527
3581
2795
3797
1194
3880
3162
1325
3325
2925
8794
6833
9649
2751
592
1449
3927
6079
6016
1755
7777
6414
2204
5571
1768
9053
2563
3206
108
659
4395
4405
1315
6361
6964
5207
6505
909
3492
5504
1765
9396
1946
2876
2090
9579
443
2823
8985
6030
5871
9454
278
9617
193
8112
1377
7224
2029
2141
1318
9955
1217
2667
8530
4390
5518
3288
5786
5385
4943
3019
2587
513
9989
8381
4468
9328
3481
2189
8611
9739
4220
4078
4787
4940
4127
1697
6169
8851
3830
9281
8879
1351
4186
1810
8179
9279
4346
7699
4061
7154
7036
3601
1087
2853
6867
9765
9627
1811
3644
2049
3743
9840
3530
1578
5735
7139
7879
3590
263
3822
7119
6935
1556
5662
4139
1236
6326
8180
203
5189
4983
5781
8127
1458
2704
620
2992
1935
8073
4362
2069
4358
5208
1781
5538
9038
7821
2609
6074
1040
1400
757
7437
240
35
102
2045
5424
8713
5631
3439
1448
1609
8454
7066
7961
1714
2072
8874
5115
4148
5944
5516
5901
1753
2762
1727
9774
124
5100
3415
3717
2107
9162
3790
4227
8344
7887
1423
2602
8575
7567
3222
2442
923
622
2749
6753
4715
7577
7325
5749
3735
960
6892
5455
5240
1537
8487
7273
8374
2271
5301
3613
2217
9721
9341
2447
4665
2839
9617
3826
650
6272
6540
6580
2723
3074
4978
1131
13
4974
5059
2547
7775
7665
9982
1147
2270
8334
8986
6808
9400
4150
4227
6305
2267
9608
226
1201
1281
303
2088
1876
7959
3499
5100
7462
4419
313
2732
2166
6559
7356
7261
3401
7211
2754
5837
4552
9739
8194
178
6331
3853
2810
4425
6500
2045
236
4314
3114
2849
3777
9850
9710
2886
3183
4588
4276
2565
2521
6727
1958
5602
6820
250
2045
6888
827
9093
9512
3771
5673
1462
3086
126
5757
8023
5150
9074
8600
5417
4184
5998
9618
9317
2782
7505
7551
516
4028
8166
1562
1987
7218
1467
8219
729
7032
2561
2380
9611
1219
1142
4801
9342
7175
2315
6764
9584
7128
5160
9437
5202
3965
7104
2544
5959
5984
7503
7467
4539
9337
311
5066
1347
2210
3687
4244
1620
1906
5029
992
2590
6694
8988
4198
3043
1197
276
2142
467
742
7966
3387
8868
8728
6359
8022
114
8923
2260
4745
9528
5093
7841
274
908
6075
3455
7133
3489
8071
5145
7679
2100
4169
6848
8508
4976
2906
9500
4763
5709
5361
7001
3798
1372
6924
6198
2618
5851
5664
4130
2697
9645
284
1463
7496
8853
8714
3290
6967
7742
3142
8653
2395
5596
287
1288
4700
1881
7851
3046
7208
9422
7497
9036
4168
8092
4043
8902
3984
9877
837
1283
7824
3942
2448
8033
1816
2706
9351
9654
6262
9615
2534
7020
2567
6707
4606
8201
1085
5637
1499
738
7999
2619
6922
3275
2148
1248
7294
9404
4811
9812
9306
7089
6905
1860
830
8453
3149
2254
9471
1994
2530
8196
6784
7592
6888
478
6469
7460
3487
5841
7818
8347
8379
100
3283
5206
7020
9173
5886
569
5412
9947
4844
6449
310
5445
115
707
5878
6152
5053
8831
6166
9504
8208
9803
5834
9330
6386
1671
4778
9834
5917
8969
1995
960
8709
6806
8577
5623
1434
3976
6367
8902
6582
2582
3352
335
7282
1444
363
5763
1582
7335
788
8986
2182
8874
1892
3480
9371
7689
2787
4215
5790
5577
4030
5874
4455
9350
6735
3309
2129
256
4718
1078
2464
7263
2923
5626
6451
5499
2048
4943
1308
9015
8252
8582
8182
3008
8778
9834
4915
5098
6251
3744
1189
2153
3113
1005
8551
7478
5880
7932
4708
7054
3634
1327
2617
9709
6523
4918
5951
6265
7029
3872
5642
7843
2907
6775
7325
5448
7692
1448
573
6900
8393
7031
4004
975
9888
312
4150
1919
7074
8973
9619
4116
235
4254
5381
6926
5966
8472
6484
3860
3884
8649
8069
2379
8102
3346
9245
6338
3680
3104
9785
4432
7359
7808
8660
6603
7322
1643
9821
6211
769
4033
9190
8056
4253
1526
7608
8653
1395
399
9481
9219
4963
6713
3017
9743
8962
1625
2872
6543
1067
7812
8239
3971
9187
5188
6756
2427
5593
8777
9603
4324
8651
273
3091
9850
9458
13
8126
6576
5737
592
4944
3281
3622
567
9469
647
4791
8917
7641
5698
8770
3279
5145
2956
5793
5220
8868
9064
4769
5181
3060
2617
796
5158
569
4690
3622
3166
285
8949
3498
6296
806
475
2869
4959
349
8620
5718
6110
7635
6676
1137
3905
5554
5373
5128
135
4058
4239
1145
9062
1807
557
7531
2327
2485
8464
9997
4779
7024
1626
8632
8691
2200
2474
2473
4671
88
835
4872
249
3347
8659
7545
6384
1481
6890
9604
5196
9562
3487
9108
6046
7805
4436
4489
250
2943
543
2474
1885
8622
940
9086
6010
8043
2445
1706
3080
2900
458
48
3223
9366
896
5715
3148
3011
1147
847
5595
8859
4802
5217
3537
2518
2586
887
7764
7985
2224
1728
9545
8361
2987
1626
2407
9572
1536
8341
9035
5185
6525
2296
9105
3440
5885
6679
6909
8720
1342
7238
1797
9695
6878
3025
3821
5723
5549
3493
5457
1558
3942
5095
676
8729
503
4862
6380
9270
3309
3575
1476
2806
1811
411
2335
2507
6111
98
6632
5907
3978
9043
6644
4986
9931
9849
1483
9961
7804
6684
4024
8042
2884
7477
1244
1430
1620
376
2937
1023
300
7638
5412
7766
5763
8990
7884
6468
691
1314
9611
5452
6860
9550
7580
4898
8451
5690
8798
653
3380
6418
1466
6624
9551
3433
9921
4333
9166
905
887
5735
7160
5609
5607
6339
3631
8877
9222
941
1965
5014
9271
6491
7073
8572
1182
3333
9897
6345
2979
5930
1578
2285
7643
3882
6172
8788
8214
2331
9068
3551
7301
9785
428
3876
8291
1252
3944
1241
1267
9573
6467
7857
8688
8365
7146
4975
9551
980
2251
6588
4436
2821
7926
4957
4158
4876
7965
1725
168
4843
664
6892
1873
8413
7712
9486
6064
3197
281
9930
9389
8656
5079
3406
9462
3720
3597
9278
6735
1197
9236
7234
80
2480
9115
4480
1860
5470
9717
3415
3286
2219
1074
6423
8909
9575
5985
275
653
7659
8911
6354
699
2321
7199
5780
7742
4520
5495
439
1280
8687
4989
8970
5607
3429
6813
9392
9298
3232
7627
594
3480
6866
6645
7171
7582
8655
4496
9887
7735
3322
8625
9076
2286
2883
6535
7759
5281
3335
6738
7339
9975
9279
2135
4598
7229
2104
817
5481
2763
6592
976
7421
33
8317
2875
3833
5675
28
8197
9087
24
5607
2704
7957
62
5913
6684
2724
6893
9053
4112
5964
6494
288
619
4200
4731
2047
9942
5479
7839
9015
7124
1143
2347
1205
9043
3968
9
2703
2084
5253
5137
7651
7316
4368
6576
4178
4537
1316
5419
8093
8587
3709
2480
5012
927
9745
7699
8674
9102
3629
86
2719
1248
1008
8482
1561
5611
8857
6870
2717
2716
4191
6969
8859
827
8843
2971
6250
7624
554
7510
8626
61
9746
429
3416
8663
7334
278
9297
6268
1334
3600
8454
5167
2419
6403
6308
5885
5015
8566
5679
4445
2702
5377
4397
6739
3621
4185
2084
6774
1450
1051
8549
6119
1460
2659
1502
580
5067
2898
8276
8579
7572
6448
1382
591
8515
3692
8408
2440
6662
365
2609
1987
1831
4181
7358
4369
6031
6676
5042
3150
8194
2524
4819
284
5050
2336
3708
9760
4901
5729
819
2118
291
7099
6873
6254
3995
3806
8224
9928
5777
9643
112
1085
8441
6563
4289
7278
5300
7133
4548
8390
7855
5127
386
5049
1630
1099
5540
6179
9983
8647
7539
934
9546
491
1697
4731
7308
1105
374
2226
8452
5113
7372
8550
2412
3734
1842
8487
8047
6430
4460
7767
1181
2428
4263
5163
6714
1824
4624
2897
8265
2045
9944
7130
2105
9178
1539
7950
4866
9557
9969
4196
6760
2323
9938
2742
7755
1836
2637
7895
9256
7053
8132
3554
4187
9771
9752
7119
6228
6533
8017
5485
6480
7477
3961
6407
5168
242
6446
3234
2196
3891
3622
8489
6461
265
1008
8858
2489
1521
7408
4879
9186
6729
3641
1213
3912
6391
2943
2333
9425
4419
1723
8332
1541
4485
7715
9282
8361
3531
7573
7513
5389
9403
5700
5365
3431
9643
7093
3923
8764
894
4630
4707
9125
3139
6298
9751
3837
2748
2495
8777
7299
4114
3808
7776
2169
5289
6949
1977
2550
1725
497
8958
3947
9894
9489
9782
1029
8275
7781
4269
9298
9020
3568
8532
9789
7015
9206
8402
8186
7964
5446
5614
1036
8796
214
1276
5596
7923
3196
8141
2694
5117
1373
7039
397
5672
761
9231
3649
6515
8722
5561
4966
8226
9478
8279
546
5275
7987
5154
6083
8547
3790
4586
6278
4883
7922
5151
9680
8213
4187
3106
5079
9640
1576
4182
7647
6529
8135
4118
6255
9975
4753
1671
9241
9885
648
2810
9317
1935
731
321
9936
8042
2059
4147
1327
6787
761
5514
7749
5609
9550
5435
2329
5617
482
5326
6650
5297
632
4016
7140
3870
8898
6107
3795
2119
5344
6393
4236
5112
5834
7746
7483
3866
3170
7037
7581
7428
2855
860
5768
2622
6368
646
426
9317
9341
3624
9403
5321
6159
4020
1303
6714
3181
6066
9143
5951
353
9207
1444
4368
1278
2638
9775
1805
7952
8463
2448
3445
7744
9221
2443
9772
8247
4518
7501
8253
5682
4477
2778
1720
6989
8914
8952
1814
6443
769
685
7103
7893
1631
7076
3648
9416
1401
1344
3731
871
8621
1365
879
1177
5958
7577
6938
1578
1531
8466
8662
8564
891
270
5875
6430
9723
7378
2364
3685
7962
5361
7183
7778
5345
5552
6114
2145
8794
356
6847
3174
3771
7383
7060
3112
1899
544
1031
1338
2015
236
4912
2303
2022
8538
7003
1361
1202
7217
9692
4022
8980
46
2908
3260
4182
3100
5832
407
1463
4793
2783
1175
1619
5488
4793
3508
3209
2763
4531
9180
6348
1027
1671
7726
450
4881
5757
6807
8549
4754
944
1578
664
2826
4194
3726
4475
3800
8930
8798
4711
624
9874
7222
7453
3737
684
6533
3745
3495
8151
8439
2686
513
7674
7953
8375
5182
2811
9301
7343
9025
1858
6709
3850
1206
512
8793
1295
1068
9033
9408
3832
5732
4469
5724
1152
4448
274
6712
4197
9223
3062
5054
6602
2504
8891
151
5152
6241
5351
9292
990
9629
1456
5686
8766
3166
3373
6247
3226
1890
5239
2677
4462
8742
4607
6953
6043
1950
6802
3927
4909
6099
5104
8120
5963
6803
107
1346
2314
361
3642
5054
5716
9740
8419
4203
4277
8783
6957
7986
1076
4026
3486
2308
3984
385
592
7860
7897
1938
4108
3202
9438
1424
4384
4890
4525
3336
9722
1963
3059
2027
3933
2865
8248
186
6960
4722
323
404
2677
7259
4992
8816
2852
883
2613
2797
4136
5578
6211
2247
3449
377
6253
441
5615
4293
5357
3529
9678
942
9060
4994
4927
9048
93
622
4060
3799
3424
5870
7537
7493
9261
6848
8209
623
8572
3501
2278
1729
9199
4145
5751
813
8578
3557
6611
7807
4571
2668
9365
6794
726
1735
8199
9997
3889
3803
790
1991
8737
338
2154
342
4710
5955
1115
9404
2231
4992
5720
1856
1252
7950
1743
4916
9243
4115
470
6536
4010
6252
9227
757
6505
744
6768
7527
8649
8211
6733
4769
2711
287
2991
8862
1991
5410
6103
2623
2442
7207
5577
9578
6947
7509
5542
2775
9992
3283
755
9774
3334
4254
7981
2485
1110
1398
3836
3967
9187
3588
756
4020
8258
952
9145
965
4959
2880
2926
3833
8011
7847
4094
6803
676
9649
3809
8996
5201
3993
7534
5366
7456
6959
1436
8457
2306
506
7753
593
1574
2137
3436
8853
6451
1558
1321
5996
8364
4578
7815
7113
358
6922
1763
5487
160
1178
1810
1461
7588
4840
8765
5194
6054
5389
6563
1300
9516
688
8658
4453
5126
2333
2260
5875
4411
5240
352
9118
8328
7813
633
623
6178
422
5009
535
5196
5949
8297
1128
8696
6293
3004
6733
3371
8242
2800
1063
4994
21
6480
7676
5919
3363
1987
8024
4663
5888
1076
4919
826
2692
3132
9775
4208
8143
9016
5632
381
6028
6104
3567
2391
7531
5757
8833
9328
5526
2505
6169
2440
9289
4124
8307
1333
2956
4704
2816
8435
6984
5872
9308
4873
3379
302
6004
3161
3229
2526
5228
9226
7168
683
8966
3917
2913
5286
8388
7605
3153
8696
9136
3383
4907
2479
1537
8568
4824
8442
1252
3440
6201
7196
3396
157
6795
8694
9012
7229
9753
5672
6100
3000
7277
6943
5272
8607
5158
4391
8420
7670
6315
5210
5283
8288
6735
5925
9966
900
8765
7436
8337
4786
1274
1788
3025
9971
7286
8810
7121
4219
6274
1159
7852
7480
2596
6137
6105
7964
7207
2929
3411
434
23
3581
7124
991
1914
5107
3421
871
8727
8112
8463
2318
7335
1315
1726
5489
3918
5300
1322
6347
7269
4202
1397
5156
7358
7802
5692
599
9819
2003
3692
5836
4025
7904
4763
7693
4664
2035
8058
2179
5389
6251
5491
8161
2696
5534
146
1282
4411
617
4046
1907
1608
7063
3164
5821
2185
1968
3632
4111
9415
2823
1051
6725
4421
2627
8292
9430
6551
4033
825
1883
7242
9142
959
1019
8710
3236
2461
1824
7657
4411
6187
9203
7956
1785
4229
6962
4741
8942
5508
2697
8402
3947
2764
2567
5201
8765
3741
69
7242
715
4730
379
9791
2164
4665
2466
6105
2146
7110
8949
9506
1808
6454
5005
6635
1847
8769
2636
8398
1330
4690
7609
8524
8128
3481
3296
6379
8391
5817
9944
9494
2393
4581
6942
9680
5809
9412
5793
7120
1764
858
2595
1832
6559
3191
6594
7492
7759
5931
3355
9996
1105
1670
5913
6024
7121
1854
1664
8682
1370
6086
7713
6328
7166
9454
7113
7227
9511
5324
827
2435
2977
5516
6634
473
2095
5777
1966
4938
6886
5803
8619
2460
2463
9948
8390
723
8668
919
2560
3956
7749
7110
5750
5677
3144
6267
4666
7104
6077
9367
7981
2435
5105
921
7019
5589
5035
5441
3930
1344
9887
6726
1797
5567
7466
5253
3866
7217
1065
6390
8558
8593
2765
6871
4685
5867
9765
958
7328
5828
1112
4861
8860
7519
7821
6185
7355
1542
2929
2801
5688
3227
6988
1216
4068
1024
5314
183
8210
7891
2401
7448
6040
9687
809
9388
9669
8233
6235
1153
5823
4078
8113
8101
233
5026
7865
4278
7746
1282
7897
2324
4288
8263
703
5331
1605
1550
2803
3662
554
9582
2747
9437
3427
3663
8821
9173
6710
8433
6515
9122
5307
1777
6978
1610
5114
8886
984
9041
3158
1036
2437
6928
9993
77
3160
7777
8984
5477
7783
8120
5430
2573
600
6240
1331
8676
4674
6569
6205
8692
7567
9312
4767
8775
7017
2512
1286
9092
218
2718
567
3762
505
9517
7146
5818
9443
3351
503
1044
189
1233
650
8394
3692
2734
1177
738
280
6438
4212
4414
2836
4466
3469
3125
2162
1218
3060
649
6491
9891
5260
5065
7554
1669
2069
1083
9094
5512
9232
1324
6066
5162
8503
6335
8662
6372
5084
4283
1335
548
8813
3779
8505
6152
926
6039
6049
4022
3657
8226
291
9854
4552
297
5972
5585
841
2023
666
95
1644
4767
7206
2889
8347
7674
5962
7133
4462
5790
6134
8777
9313
5944
1079
1482
6559
1402
744
6029
5033
5073
1856
1007
1034
6212
610
8206
363
3078
5532
3061
3617
1240
8904
4046
6573
5617
7805
3251
77
8915
9559
7866
2092
1514
542
8608
9218
4491
9025
9438
1280
4636
5061
6570
2912
6199
1856
2136
7065
7755
6771
1384
259
3073
5160
8073
7039
7032
4909
942
3597
7492
5953
6118
5513
3989
8914
9519
5671
2001
8988
5872
4053
6093
1781
8980
6179
2334
1135
374
3762
5669
6185
2322
2145
8175
7608
9019
6353
2468
1569
2186
9581
8083
5841
3787
8683
8943
1058
8922
7285
2336
6465
5064
8766
899
7331
4165
1292
6180
1895
4706
5898
4536
7180
7928
1307
3631
3973
7337
6381
9895
3166
3203
433
6802
6290
5969
253
7994
297
7235
1277
2212
3088
1427
9204
1121
3555
1246
845
3444
7727
174
573
6863
6288
5046
904
7913
2480
5053
4970
3720
2542
7390
9169
3262
4632
1965
4609
1363
3912
3298
5883
4660
3429
3686
1448
5754
8724
187
77
2727
6493
2937
2168
2993
2631
3569
515
1244
5066
2339
5514
5244
2265
7557
9670
5698
2257
5942
6489
1591
6637
9482
9531
4429
4290
5913
3434
2603
3599
5149
9189
2294
4977
2243
7226
9604
5222
6177
632
1064
1450
3365
6296
1574
7784
640
2395
5872
4015
5749
3498
2782
3698
8485
6090
7011
3406
7738
8702
6718
135
7912
7645
9916
3149
3220
268
23
331
67
477
6080
5311
5425
141
3272
3186
7958
6645
3651
3518
7562
8587
7849
1652
6407
8596
6491
6153
216
6199
7483
7474
3913
929
3538
5720
6380
8424
4565
372
2372
5542
3949
5273
7417
7471
8272
8345
2818
3825
5447
1094
5052
3200
2573
9324
9796
8264
6741
4623
3777
3870
115
3867
2993
8605
1398
4497
6603
7552
6806
9533
2081
3279
1147
2020
4639
2576
4234
8936
325
8146
3335
6390
752
6390
2423
714
8355
4213
5923
8115
1683
9941
6595
8502
5427
82
2281
8812
6073
3775
1742
5265
7019
5913
9013
1773
2054
554
4686
7220
4030
7805
4298
5630
535
3724
3116
6603
6183
685
6142
2390
1629
8690
7851
2139
6683
2644
6593
4557
296
5422
2863
6550
6404
8069
9371
4839
7377
650
8659
7802
9527
8703
4086
3877
5644
965
7967
1703
6966
5678
2630
5389
7633
9351
3637
8329
8062
6875
5089
9409
3961
129
6924
8608
4942
7748
9226
2466
4353
8277
9225
5533
2025
8340
2863
2926
4605
3974
6494
5719
4676
4890
7591
4618
2793
7473
8916
7053
4433
1043
6776
503
5561
9249
3842
9399
1779
5478
8934
7895
1739
5502
7349
8689
6452
7096
3365
9293
6489
712
3724
4088
381
9370
4734
9070
2537
2307
5815
7469
8832
2174
8033
3311
1501
8723
9972
2775
4499
3464
1147
9127
5039
8599
3980
9174
7540
8902
8166
5696
4109
9623
565
3722
7318
2689
122
6190
4516
4771
6862
9471
9662
1466
9063
9565
7469
4039
7189
7728
7123
590
4795
3025
9564
4597
9049
1781
5390
5559
1530
3635
4141
119
3361
9208
1610
4312
5993
8811
8602
3783
8258
9727
6601
1675
9464
3573
9536
4415
1706
3502
1714
439
8573
3519
4828
7539
4157
2721
3640
8341
800
8956
3241
3228
5331
9543
8105
9854
7956
3157
8046
8377
9125
3341
2332
5067
6423
7889
5132
5476
2245
976
3854
8028
1922
3703
1546
9841
4380
4070
155
3272
5172
262
2983
9302
6487
3374
6344
9921
5468
9681
6458
8548
5455
3336
1313
5232
1188
9761
1116
6268
7589
8164
6096
9824
5103
5213
1307
1629
7998
8263
5474
3886
3003
4775
3205
8864
359
3029
8580
3049
1546
5211
9
2564
4517
5306
2573
8585
2390
6314
8654
4619
2955
3887
5682
7008
4165
3159
4200
1275
2068
4715
1924
7204
4208
2573
5545
681
131
2448
4873
8158
1181
8066
4722
2378
8156
3533
5307
9796
2640
2721
9238
1684
9609
855
932
9116
9092
6197
4700
7200
8829
7306
982
6831
3288
2804
8356
1945
9760
1892
8454
9942
1441
497
3439
4888
9164
3305
8852
633
7851
4403
8634
9346
5476
240
7594
3353
1641
6429
1589
3934
7748
7673
9328
3874
7085
7891
9090
5352
5177
3362
37
748
4267
9296
244
9113
7416
6044
9951
5788
7344
4067
9348
4427
8672
1635
1355
3048
5210
5003
304
3331
304
4520
2195
3767
1168
9564
7802
1274
4214
3501
5456
4490
4366
7886
5080
6180
9995
8481
5936
5597
6478
5801
6589
3681
8325
4902
5202
5450
6537
6042
143
174
3058
6706
445
9746
7102
6477
7946
7852
8241
8678
1574
3844
8611
4859
62
786
6555
5174
3053
6729
9067
4707
6852
4502
7931
8513
5442
6266
4362
2353
4736
8171
3359
5283
1432
7660
7442
5334
9078
3519
535
8083
7356
7800
4228
2746
5070
3466
4840
4417
8895
1363
2990
3414
1106
8351
9853
5943
1815
8588
1035
1680
3491
5889
3942
3402
486
3328
3427
2402
3344
1221
6096
9533
6194
984
7351
9051
275
5186
3443
1976
1426
9944
3457
3374
5182
9945
4177
3080
7806
1499
3519
490
2484
8855
4593
1468
3859
826
2261
1742
40
2439
1074
7674
5266
3456
7219
123
1001
803
5668
6629
5145
9059
255
3546
2432
568
8220
540
9151
348
4595
1845
7702
5606
7050
7339
6390
5884
5193
9449
2925
1702
1937
8986
8871
5783
8107
1726
2726
4054
2080
7004
5831
6889
5345
3425
8600
1047
9035
3292
2605
1721
2590
9691
7844
9229
9972
9659
6406
9880
3732
5117
5609
6219
3704
3444
7122
1268
4675
6648
2460
6495
7814
5098
8268
7591
6014
814
262
3625
8738
5343
6848
1902
6845
1205
9111
2245
1143
9642
5811
8447
5319
2845
322
6962
1395
9611
3185
1902
6302
7332
6372
2388
832
6109
3906
7492
1424
253
3216
9158
9398
2782
1143
8389
8269
3708
9374
2500
4332
4878
126
5033
838
4012
1176
4970
4776
1306
6197
6402
7628
8360
7322
1406
8971
4461
1070
736
7299
1620
821
890
6426
6652
9049
2538
1702
1933
8693
7686
238
686
7569
1425
7207
1339
1550
6819
4933
8936
2717
119
4056
6813
1530
1038
5459
9737
9417
3809
2638
8639
5200
2713
4057
9235
8606
4186
4963
8638
3268
2844
2612
8510
6165
6943
792
5898
4199
7632
2911
4251
5802
8363
8903
702
6834
9613
5122
8012
7079
1965
2515
4885
5048
1599
5485
4857
7367
7971
2733
7364
1857
6295
5668
9872
7507
5545
649
4587
247
9561
5539
1785
898
8386
2837
6837
3810
3355
2401
8993
9063
6950
1560
1303
329
7726
3462
4567
1458
5935
8530
6227
4900
5547
2395
9507
2695
9030
3195
1290
8965
535
7766
7517
6426
730
3988
6661
8761
8648
1047
4013
5571
3740
8300
4906
4736
4366
9544
9780
2083
6081
3129
4311
1032
9311
6885
5351
5992
3329
4142
4780
161
1112
28
8528
9184
4042
4876
9598
3739
6801
5805
2810
4888
4517
657
1160
7247
7489
4771
8329
9485
3414
9207
2884
7406
3455
6486
7114
3845
8637
670
5432
4506
6267
3853
4459
3712
9771
5721
695
9489
9946
6042
5282
277
320
9423
6514
8655
5725
8103
8502
8558
5813
5295
6746
1904
7144
1123
5730
7555
7762
5753
5102
6131
373
8303
8621
665
6197
7448
7475
1768
4077
8839
9538
7372
3926
2608
7086
4031
9972
8459
8119
534
2167
6874
8692
973
7106
2555
6568
8648
9991
3139
1728
4193
940
9150
9903
2016
803
5849
2459
8277
629
6735
4481
6974
5756
9374
7978
4536
4037
1699
7582
9302
7634
4569
3964
3498
9610
7649
3559
3642
880
8826
1777
938
7112
5345
6432
4775
2704
5070
3229
4124
6000
9842
9904
5432
2394
1719
5216
7732
4577
2032
4612
8293
5556
2425
6559
6371
5187
6405
2406
3153
2291
8816
7397
1802
4958
3543
9861
412
2942
3204
1833
8966
8469
3459
3302
7791
4664
8531
1105
7892
2433
5826
9065
8847
4214
3484
5382
4688
8785
61
9588
6298
2665
76
1833
7184
2445
8102
475
8851
1858
4805
4791
1373
200
5646
9823
2098
9122
8767
1708
6655
5301
4513
721
6464
9751
8549
7588
1475
8161
5174
1626
2881
3616
5534
6301
8393
1627
6118
5347
6561
8057
2253
6035
7628
1036
7692
8648
8568
3660
3284
5565
19
8353
2933
997
8151
9355
5369
7432
3895
515
8999
691
6684
3179
1910
7756
4665
9344
1430
472
3004
3421
5146
8598
3048
8478
3092
5429
2059
9901
9019
7814
4877
9608
1608
4528
684
4537
8149
9037
6257
8686
1452
6046
9057
1563
9350
4449
9126
9936
3983
9223
2231
2813
2561
6597
3207
4335
7948
9673
6264
9939
5373
3994
1495
1186
5813
7075
1572
7381
7073
129
1195
2393
4214
4318
1969
9099
9540
1486
9127
8642
6302
2123
5918
9796
5584
2064
7047
5010
1322
6348
6588
8476
2774
6318
3313
7457
4551
7872
5749
2276
2877
1746
2863
3855
8028
9838
8599
8243
4628
4107
4794
6463
546
7621
3638
3250
8076
1699
5602
3750
29
6562
6059
726
3540
2718
9618
7896
1005
4512
4549
1669
5736
6852
5766
4557
9260
2063
1768
5746
3465
8804
382
7215
1555
126
7931
5152
2680
63
9381
2853
2271
2000
2248
6315
5686
2138
316
5311
220
704
7238
117
9558
3126
728
3693
1856
9080
3990
6013
9931
9855
286
1224
6180
8844
9170
3415
4787
4466
5216
943
5130
1696
9398
3737
4605
9450
8870
7123
1748
6457
5526
2761
1566
266
7657
8428
9398
4238
3297
3600
6073
3368
2921
2415
1715
1024
136
6842
2967
6900
524
5753
5488
6296
4986
7862
3727
6990
9088
2405
210
6867
4265
3475
4330
7524
9658
5914
1188
743
4017
549
1169
1616
4869
1762
8775
6984
2022
3581
9315
2029
4156
4847
5933
9773
7273
5269
5279
9794
4701
2408
5150
893
3390
9205
9103
9446
8084
4191
1365
4221
5654
2225
2884
9975
4584
3872
1427
3224
9087
6743
4969
5507
3090
8181
2711
9417
7542
4557
251
4389
636
1393
6041
1610
5399
277
8226
5664
2659
9329
8899
7831
2217
5095
6375
1932
1964
5958
5189
3401
3843
2056
708
7958
7438
9642
7802
5209
6495
9685
1904
3528
3940
6976
3586
4261
6183
1275
4576
4307
5645
5763
566
9758
7844
7138
3291
7995
1806
779
7454
1584
9367
6849
547
8580
686
8082
4171
5757
2475
3018
9168
2974
7425
5371
3891
5240
1510
2114
5748
689
1382
882
7756
8079
1490
950
115
301
6351
9807
3403
5716
2231
320
4161
7090
6430
5005
3576
8101
7104
8819
1833
2628
6594
7591
2333
2473
3247
8050
6486
9692
5031
6766
203
8485
9093
2467
7090
9736
7968
3870
9405
2667
9615
3453
743
7105
1211
6801
8810
6504
8537
7647
3585
2563
9048
5128
1486
3899
8616
7641
7054
8300
3322
3710
686
5465
118
5675
7996
3964
7915
3840
133
3234
9413
9166
3012
3142
6848
5228
1263
6445
9240
9982
1156
7383
3182
7639
9437
3965
981
3192
1120
327
6815
1105
9345
54321
5905
2768
5278
6987
5536
8804
4847
8588
4698
7514
351
3149
9882
2116
8344
7050
3389
6379
610
9060
3340
2555
3302
2283
2478
6238
4032
2983
4724
2721
9805
6419
8309
9821
7107
375
1570
8240
5727
7640
4394
1394
6457
9868
2831
4490
9554
1849
2637
6141
7731
3948
6206
2045
6005
3351
9465
2996
4509
9298
4773
1864
3865
1978
7708
3932
4840
62
5009
7970
5480
5148
653
2969
4666
1946
6097
3434
9451
7987
6683
2183
346
8582
4989
5858
213
6264
3816
3756
909
8574
3732
6428
2868
2530
7529
4480
2160
8899
9650
9493
6839
4667
662
2584
3295
3238
7379
4059
7254
6031
3544
6521
2615
2591
1518
5282
6988
1851
3719
8575
6245
1254
7061
6905
1417
4224
102
2136
4417
1617
1274
553
8337
7189
5343
5679
7921
2406
2564
6975
8885
9756
6502
4878
5031
7210
3814
277
1013
2248
7492
310
5180
1075
3249
5586
7606
3756
1167
9070
3137
5243
9642
5637
4758
2992
8184
5426
7248
5839
7360
4582
9286
6744
9690
6488
4751
2184
1875
4206
411
9824
1124
2170
4125
964
5372
7262
3941
9756
8073
4165
1239
3493
3838
3642
115
866
120
2040
9026
8388
3029
5173
4887
2910
1023
8436
1385
6760
835
5422
1882
6961
8660
3312
4120
7473
1512
3794
7619
922
1485
7491
7765
3196
3344
5794
2906
6048
6374
3886
2064
9834
5180
2023
6795
5950
7283
1216
9941
6936
5878
7180
8921
2651
2283
4278
4832
526
9522
2642
9353
6326
4420
8104
6903
5538
7407
1691
9565
5229
5530
5336
387
6949
3359
2048
1781
6638
6517
8170
191
297
3853
684
5043
4305
8569
5115
913
9065
962
2381
6526
3732
4532
5738
5415
7075
5120
1258
8542
5592
1650
4712
1406
542
6793
1973
9291
236
2497
8194
4009
1353
2452
9057
2473
3736
3061
2598
6968
2293
779
500
4267
3150
8810
6655
2417
7620
6632
4705
1519
5259
9627
4598
8646
9140
9277
4502
7512
6597
5823
678
6569
2767
8371
5174
1281
5475
3265
1679
4014
2522
4289
6250
4814
1150
446
8256
1732
139
9556
1671
3603
7792
6676
8749
1725
7853
411
3333
4458
8559
5085
372
6469
102
3931
1501
4778
3637
5374
6941
4356
4954
692
8996
970
3378
9784
7496
8695
1022
2771
7374
7040
4152
7074
8777
6091
9621
3449
3428
5065
9931
7220
5455
7437
3918
9780
4712
7219
8944
3478
8094
4764
2615
7315
8649
7100
7680
7780
8346
8068
2914
4638
3437
5789
7711
3331
2318
3027
5154
5409
5157
188
1947
1877
4424
7733
5237
1560
7052
3598
5072
278
9750
7543
4676
2610
4426
6837
8425
1677
8410
1842
5103
5359
2151
5294
3784
9665
9725
587
7463
1685
2065
3535
8321
7906
2818
738
2891
916
1864
6121
728
4748
2996
2637
4887
5894
1113
5102
8905
5480
4602
3478
6999
3316
5085
6587
9726
9130
3950
5571
1834
6466
6135
3388
8213
6215
9221
6769
9791
3688
3946
7509
9812
2290
1114
355
2364
9514
407
7889
8552
4624
1681
1983
7083
8586
6536
5006
2822
6231
1012
3761
6965
6293
4287
4262
8613
9608
4423
8672
6672
4344
5310
5218
1535
7093
3666
4709
2202
4730
4224
213
8723
6060
7019
7210
4785
4153
6304
9626
9678
4216
3947
3561
2676
186
544
3519
8002
6851
1741
2755
5091
1735
1218
4209
9313
6463
448
9989
4921
1827
2804
8092
2008
800
5037
906
9274
7077
9477
4461
3304
4796
8993
2456
397
1749
2542
1350
6549
147
6707
5350
2990
1469
5121
6989
4843
2811
7896
8322
3705
6315
4706
7852
1412
5855
1554
1877
5148
9638
4245
926
7374
7280
9450
296
2741
8761
3812
7564
3921
9098
3441
4774
5120
7453
5102
539
5678
8047
6063
6464
9180
1155
757
6989
90
1142
1044
4541
196
666
6201
6911
5901
5781
7976
5709
2018
4826
4249
6081
8998
332
4402
4606
2874
9932
2732
3959
753
1015
6198
7100
3576
7781
1745
6219
6523
2462
206
1599
7717
9270
7369
3255
2897
6529
8872
9338
9477
9393
8521
853
3799
9981
7465
8849
6753
6150
4115
158
8410
7085
3788
9181
4468
9101
3335
8119
4036
1757
9185
9556
4620
2650
8364
9727
2963
1147
1710
6344
1060
3393
4482
1360
2494
5345
3302
3594
317
2896
9465
374
8346
48
3189
633
5482
8187
8786
3795
3194
754
5302
7720
208
8965
6232
1149
1618
7737
5886
5606
4440
7770
9098
5017
2604
2429
6688
9123
5800
9740
7803
1141
2291
8812
1210
4573
9461
7732
4245
4775
2361
7914
3151
307
8090
6761
1153
3528
9112
2153
1977
2579
7009
3859
5933
576
950
8171
8028
3054
1500
9663
7995
3453
2950
4162
5429
1395
7755
1660
1688
3886
3492
1112
3246
6526
4620
8792
6926
5842
1276
3160
11
3647
7764
5224
4131
8432
2879
635
3623
1290
9703
1192
3276
2697
9918
9697
7356
3929
1333
9757
5773
7453
466
8091
9086
5898
614
9407
5955
2158
1246
2187
1778
8339
9653
4349
5689
7725
31
6997
8516
7121
8037
398
4182
2301
7835
550
6607
4923
1436
2998
4510
1519
7386
2558
3181
9672
6138
8232
7819
3472
4679
1465
45
7517
9413
4936
3044
5570
4008
9631
3898
4335
1242
8652
9415
69
3909
6786
8063
64
2801
1032
723
8247
7676
260
954
7095
1168
6017
1588
1798
9178
5044
2442
6572
353
6665
2887
2900
7505
1037
916
1804
9099
176
277
8734
3142
3113
5763
9351
170
7755
672
3647
743
1797
9841
9154
3983
5948
4403
7991
8044
2100
5156
6197
6210
2844
9715
7244
3899
5163
2558
1764
117
8918
9147
7501
9982
2219
3954
8054
254
2236
1629
1424
4373
8795
5829
8555
6824
3733
8916
1558
6634
2925
3760
7000
5019
4079
2525
299
3398
8519
5453
5006
5197
8907
3531
1825
2650
2340
9171
1765
1994
6348
7737
5808
472
3733
1825
7414
7014
1160
421
167
6247
1001
5130
7192
5158
2148
2482
5904
9693
3656
4657
1735
6783
6622
6226
5466
5265
4005
5906
4484
4561
7152
9563
286
5187
7952
6529
1286
2255
5110
3284
2238
8098
5286
8759
4197
3778
6339
6666
502
9857
3268
2071
8338
1692
6003
9025
3849
7506
6358
2150
3009
5253
5936
5605
9094
1437
4844
2005
7206
5619
1197
3649
4584
372
2419
3636
1497
7862
2030
1688
8926
7339
5405
4626
1294
5082
1226
8594
9184
8926
2680
3780
5897
2961
275
6985
2163
9680
9665
2761
8934
4334
9459
4883
8661
9619
7487
7966
9272
2367
7528
5987
5477
4670
3223
5670
9848
1311
4312
4013
212
6249
2821
8279
2940
7416
7752
1623
98
5433
1474
1817
8197
9269
2754
4592
7879
523
5965
1674
7595
3259
9321
6817
1399
6692
8302
1227
9737
4605
7137
853
5368
5653
2549
2685
1514
1181
1943
1245
1868
5864
7869
3839
894
5712
7789
6207
1916
8631
7791
9325
5345
2638
6417
6952
6927
6003
6881
6247
9114
6525
1886
5493
8296
622
6448
2545
6720
70
3079
6699
8579
4720
9806
1732
5389
5483
5923
5687
8902
2096
9310
1106
6813
7811
5507
2730
9235
5597
5757
5510
4299
5696
2131
5342
3978
2377
5543
273
9263
5245
9487
1847
5553
1093
747
626
2832
4686
1564
1445
80
1195
7344
7018
7215
780
8679
486
5115
3718
3309
1124
4313
7568
2400
2884
2589
4465
7754
3012
9939
5651
6423
3658
2608
7464
5553
5721
7064
4881
9898
4549
4034
4312
5431
3105
8351
5112
8126
3198
3698
5057
5157
5545
1936
8363
7534
7985
8692
7863
8036
8366
6932
8551
1505
4428
4771
3687
4410
9750
5226
2958
3421
234
3820
8760
7090
1
2138
9294
4532
7476
6338
4556
9314
4883
495
878
1722
4245
9930
7568
7028
9201
6844
1533
7617
5482
2808
1003
8334
4665
702
8375
7971
741
1637
4923
1726
3176
1274
7533
5848
9398
3331
560
2028
2376
9236
6622
3934
3893
1965
166
9820
7658
5929
4219
3390
2287
1143
1608
7193
1135
961
9867
6775
7963
6584
8574
3246
5571
9151
8546
2971
2397
1721
7630
5871
6284
9504
5241
6246
6185
7068
4441
2700
536
8555
314
4811
7417
1534
9439
2034
9665
341
4713
8438
3463
3785
4065
5791
663
3376
8363
4742
3419
7195
7424
5937
8299
8348
7105
2782
5901
5362
1008
4067
6519
7167
6239
9407
6271
3763
5829
4038
9712
6513
3305
2056
7008
9191
2408
2499
5440
9449
5583
2809
8705
9699
9281
3341
1132
4376
6512
9068
4428
6657
6132
4304
9333
646
1919
6296
7546
4657
9520
6900
7547
4325
5029
6906
3890
5368
8929
9107
5941
4607
7342
6451
9778
8198
5362
6820
7886
2898
8276
1896
7250
6760
9610
3056
381
9001
2723
6362
7272
6111
4953
784
9929
8682
5262
4380
4671
2376
9451
5763
5447
7404
3128
9820
9315
9680
4525
1135
5284
5099
8410
4648
6381
7624
9649
787
4715
1973
6525
4889
2646
2567
1836
9829
9654
6558
6522
1097
2936
983
2150
5510
3447
2513
6448
9845
3633
9789
3741
701
4476
1588
1079
2174
7701
305
4403
2305
9032
4476
9664
2698
5850
4562
3118
2881
5569
3298
167
2757
3159
3429
8199
4301
2949
2900
1202
3868
1177
9804
7153
4926
8232
5825
413
1059
1488
9661
2128
9349
2156
4217
2064
8459
1319
9451
9660
8885
9395
3568
4277
336
9622
985
7542
1048
3388
6778
9225
4802
9103
535
1129
9228
7323
4738
4466
26
4150
2059
1393
5908
1170
818
601
8941
1366
9739
2983
3497
3239
2316
4472
7608
5527
6818
5304
7247
8282
9365
7670
4710
437
7326
247
1622
3089
2835
1136
6580
4986
9634
4735
7336
2175
8368
9165
8805
384
8600
9681
3648
3795
5728
1563
6787
6062
3520
3701
506
9434
7218
1743
4784
4389
6683
5472
3844
571
8979
5853
8531
8603
6403
8511
3604
7580
7136
5434
7159
7652
6499
6864
9682
9684
4022
915
4708
5764
3459
5559
9568
9133
631
7146
7767
7892
9951
2948
5491
2897
5322
8234
1405
2748
1151
5045
7392
7217
7958
9206
8926
8086
6542
2853
2935
355
2061
5100
367
5768
764
8080
7111
3421
6284
9398
7973
9256
744
5712
7629
4189
9942
4262
2331
8265
5460
6934
8533
8977
3523
7491
7805
4253
6633
1483
2591
7777
4211
7413
5832
4852
2581
9723
2134
7242
1123
7984
6464
1753
7071
8135
6473
2246
1578
4738
8143
2281
523
4670
4894
5126
6566
1389
2246
3272
275
2859
6787
4801
6807
196
5045
3331
9880
2778
1608
220
2129
5089
7142
7476
471
6781
1906
5387
1019
5559
2676
1895
3340
311
7255
9540
2519
706
8285
1192
7477
8861
6967
8263
1197
1663
4945
6876
3091
3142
2366
8799
3130
7924
152
5433
7528
7418
4656
9784
9482
6858
2254
4715
184
4892
1462
6497
2941
5504
813
9175
4492
416
2742
3267
8121
8878
6280
8808
1837
5030
2297
7876
3194
3876
8765
5416
159
1822
2013
5100
6049
8500
1709
620
6608
2252
8080
6304
201
8448
3936
7586
2330
3191
4308
2715
5182
6885
7312
8649
1139
5848
7948
4453
4562
4377
1522
6307
6127
6046
6338
1119
3491
5712
3126
5991
8706
2123
6659
5870
799
9976
8607
3389
1095
4711
5547
4
9568
6050
234
3274
4510
3364
3962
202
553
7256
6057
2231
730
1774
177
4155
2110
2817
4095
6618
65
8316
4008
3059
226
1442
7850
1163
7240
4560
3358
9851
8829
1519
6739
78
5812
3065
6608
128
1750
2924
5438
1450
6065
4428
5140
9025
9799
4453
1280
8277
616
8929
9938
1253
2043
7175
3048
3068
5514
2800
2962
5993
3899
6206
3402
9211
5034
100
8342
9044
6208
3968
4868
7141
2878
2558
6993
5798
6302
8825
1363
2788
3280
5080
9235
9900
1581
5486
8034
8637
18
3541
4613
8950
9961
9445
7551
9859
1027
5928
3991
9700
6110
2235
2070
6648
4061
2797
8374
9484
182
7250
6766
6688
1438
175
2713
8818
6971
3501
7631
9547
2065
9705
9027
2668
9354
5918
7179
3433
5007
7134
4771
374
4834
1662
6677
1046
3011
2587
5839
8783
7112
8550
8455
2768
6774
7924
7512
9787
6732
8733
2888
7525
8297
4443
7636
6404
3208
9401
7294
8143
5618
4942
4477
3047
2479
6392
1855
9776
3497
1668
5807
4385
7662
8847
2436
3514
1250
6259
5893
1430
8405
7391
6700
6274
4247
7246
2077
392
4025
273
7837
3610
5293
7695
3166
2171
4074
5409
290
383
6070
7736
6290
5065
2926
8503
9863
9450
2007
4123
5155
6948
3508
5864
9737
8226
8241
8203
8799
5233
4316
1463
5751
3225
3830
2198
9091
9966
5682
266
9440
5841
5970
5511
5359
670
1102
1636
3348
5744
7382
2626
8384
9902
5118
889
103
9429
7958
4939
3929
5870
6609
5056
6067
4608
1986
3066
1235
729
9411
9897
3768
1742
4683
9313
979
7997
505
9068
7125
6606
4856
3056
7850
1690
3078
5848
8106
2942
2096
9662
2008
743
6337
3570
9231
914
9443
752
8684
8035
402
2620
6332
7484
8857
6643
5220
5804
9910
2105
8924
8889
7814
7322
1015
3554
7206
4377
1530
6137
4960
8292
8633
9748
7889
3026
5404
1113
83
65
8553
9753
385
9089
6205
2236
6723
367
2832
6435
629
2302
3031
9990
739
3118
2929
9014
2556
5678
3708
5066
9221
2547
3076
2109
3986
6584
9594
5832
1239
4107
5722
9846
3552
9171
8505
8725
1118
8778
6830
6839
1546
5095
5508
2658
5262
8643
9010
4772
98
6390
8557
4404
6356
3487
532
7837
6013
4096
8250
140
772
6999
5197
6521
6580
3185
6438
1568
4612
4203
7896
3777
8847
6868
3521
4127
7039
418
6847
5343
7573
4823
5735
4848
5550
1318
3491
66
8639
669
2712
7021
529
6691
6068
4546
9898
8987
6078
2077
2205
7443
160
5894
8493
4780
5556
9487
9965
6404
799
5595
7249
2907
2566
5949
1265
349
971
5262
9694
6373
2928
3944
1492
876
3249
2157
801
8975
4229
8051
4340
4770
3138
131
4664
9841
6355
771
5761
4003
100
2235
9870
7116
9772
7621
4125
120
3282
9549
8016
817
2383
5832
4515
6216
4403
7618
1531
3399
8686
991
2176
2747
1256
2479
9768
2435
1286
1423
3993
201
9500
5691
6273
694
4073
4375
1103
5627
8032
682
5693
4679
36
3524
2388
7305
5616
8447
5439
8737
9239
2362
5316
9108
60
7124
5861
7293
7852
1690
8833
1859
5557
7816
1316
6691
9558
3821
2143
28
6515
5903
5367
8005
5297
7496
2712
7732
92
2464
6819
2838
5984
5256
961
7138
376
7165
635
6949
8513
3809
7774
6342
1848
3835
9122
2219
2208
5696
7746
1795
6304
5411
2222
3337
6995
7311
3811
2563
4413
8128
7202
5389
4871
5996
5874
302
6856
4177
6316
2394
3187
5194
1514
2707
8129
9025
6158
1463
8374
493
5524
4395
4717
5024
6533
574
3035
7624
144
3065
3354
8071
2536
386
6607
2386
1471
5851
7960
8821
5363
8030
9380
5353
8608
1110
3897
9515
5208
7969
1154
2349
4189
3920
2605
2807
673
9847
9462
5301
7266
9232
4034
3252
9039
5116
2659
1129
6099
5743
7554
307
3502
9552
5130
7494
5015
9363
6416
5423
6676
3519
2417
2175
1912
1006
3882
8616
7780
3801
1713
1624
6389
2659
1555
6131
3997
6129
6313
3493
8451
2768
3416
9464
415
847
8846
4636
8790
5111
7791
1309
3432
4039
8625
3748
6816
1860
1341
8034
1234
4042
3348
2299
4031
5931
3918
843
7998
8999
3497
8886
3051
2923
6972
3908
104
2952
1760
1065
2159
9245
9826
2670
6009
405
8191
2350
4034
7807
9314
2138
4789
8278
2259
4410
9419
1118
5434
4484
6929
8003
6638
9790
1614
8905
8258
509
7067
4717
3644
3864
100
276
5875
1988
4216
679
6289
3626
7739
1568
6809
191
9684
1359
4097
4772
665
2563
4488
8986
7518
7275
4135
4156
2608
36
1056
7103
2147
7683
5282
9316
4163
5451
2038
4513
2404
271
194
8741
4828
1808
6744
5362
1195
6447
107
255
4808
3486
9844
4505
230
4658
6345
2825
6141
1720
9380
4180
9622
9186
1480
57
6286
7492
6028
4233
9321
9584
2369
394
2369
5746
4158
5711
531
8773
2961
6160
9928
802
2295
8660
7839
778
9087
9505
9106
9213
8371
684
891
6014
9119
5642
328
6688
9075
3703
420
5874
934
5224
1117
9451
2137
4483
500
635
2294
7368
8758
3221
4252
8821
6891
2820
2218
5508
8404
6523
5127
108
1214
1686
9502
6355
6627
8516
5384
3843
9697
9258
5740
4055
9867
7071
7543
8388
8641
4605
9005
8471
6920
1003
1925
7669
1762
299
8750
7507
4471
3568
5298
3897
747
827
4011
9431
9948
5782
7855
1983
5250
8451
7671
9500
7481
197
8954
9819
5276
3829
6867
3799
7517
6655
3188
211
9760
1834
4593
6329
9765
7876
9371
6130
3960
1843
3309
9040
3061
8111
8440
2859
6750
7022
3221
8468
3332
2425
189
1565
1344
8931
2232
642
6700
1500
6380
4091
7639
3800
9671
8114
1189
1527
2218
7374
9079
1542
5540
5638
6888
9913
6758
7165
5389
4008
7049
495
3434
4719
6879
7336
1645
3028
4985
835
5645
8729
9429
2461
5463
9217
1402
9260
8440
326
1671
5223
4805
5847
9389
1790
6884
4550
4677
1431
2173
5066
5252
2692
4450
5885
657
2921
6921
2335
6470
8161
6541
1383
1730
351
2112
3079
176
7671
8512
7497
8724
5064
2338
1826
5690
7587
5330
5089
453
7094
8351
3555
8661
579
3477
6738
8011
9578
8560
8480
2340
6105
3855
3510
8682
3422
4117
9038
9677
3805
4375
7005
2918
4676
6341
189
354
2624
195
3070
7591
1833
1883
9375
9809
2987
2722
1152
6873
5373
5068
598
9111
32
5158
2620
1210
8828
3144
2269
3471
6291
5411
6647
2720
1346
637
3986
4237
3289
6384
5387
9383
5491
890
508
4223
4480
3700
5695
700
2966
2165
4304
8736
3778
7894
2887
9517
3722
8978
1526
9480
7926
9599
1300
6421
5235
6656
8463
2351
8736
6914
3585
8989
9681
1214
3620
9141
4651
8396
6729
5128
7449
1569
505
4126
1107
7911
8941
3452
7749
4468
516
4310
4859
5907
1457
5892
9590
4086
8987
7823
5236
3344
1963
6051
8580
5315
9055
2564
4274
3745
4867
5325
2250
6398
2031
6358
9094
7173
5314
7324
7714
5012
4601
4269
6399
9274
4130
3774
9756
7728
9551
565
9409
8905
9891
4106
9605
4454
5546
5791
8855
6377
9177
4005
9601
5190
2061
8461
3876
5099
6797
2418
8772
1664
110
224
8742
7694
9652
9305
1185
5281
2808
6545
4194
4302
5916
3344
6506
7925
6752
4641
1627
9522
8468
1337
5835
597
4667
1209
7214
5669
9897
4657
932
7134
1793
7745
8796
9667
5363
1912
4801
6241
4606
3575
3570
2632
9810
5300
9274
8717
1955
5951
8347
2157
791
9249
3196
8772
4389
8146
3027
8443
2091
5516
5383
8150
5614
7060
2509
8170
4547
6838
2562
4841
9839
5386
4916
4894
7767
3203
786
9367
1935
8497
3714
3947
6310
8774
6343
2544
4550
24
5279
7217
8884
6357
4150
9090
8191
5420
7017
2751
2791
1104
4170
5117
3389
3506
2317
5405
4333
8301
1006
1186
7360
3660
6509
3594
1802
1437
1840
6840
717
9965
3621
4523
1559
5345
5957
3482
1236
5825
6703
2347
6186
8034
6577
832
4327
8597
559
2804
6457
939
8210
6248
9018
4093
9856
5225
9848
556
7289
6755
3580
177
2034
2826
7482
9646
3558
8043
7549
8834
4169
8507
1599
8658
4999
9325
7082
5678
9267
3205
879
9035
383
9777
1755
7372
5505
7465
5489
732
3634
680
8536
9948
8767
6009
6001
3752
3349
4680
5039
2515
5255
7622
6770
9703
4650
360
9093
531
8142
4171
1289
4085
5876
4544
9794
2256
1071
110
4142
6092
2555
6817
5201
3489
9971
1651
9891
8990
3325
3331
2329
4587
8165
8363
3781
2761
3008
2052
2723
5146
8372
4958
2590
9463
9391
4451
4072
4223
6215
3745
2681
3239
539
8946
9959
8437
2422
3282
9732
3000
468
104
7205
4811
1842
6702
5919
7513
764
7034
9248
9019
7387
8995
7720
7596
4228
5738
4098
5520
7579
5669
2776
9580
651
9090
4049
9218
8403
5344
339
9726
2320
9723
4679
8268
7752
7779
7621
2690
8531
6558
3460
9181
4496
3662
5852
1544
1226
2364
4209
6684
9183
4212
5421
4799
7328
7625
4161
2752
2653
6701
9109
5419
6695
9521
6699
7664
4317
9452
9843
6449
8116
1408
6988
1021
2209
3595
5085
6988
3238
2506
7992
6040
1135
3655
543
8107
4302
9879
941
128
3619
4870
37
1831
7449
8040
2486
4974
6962
8187
7226
1774
2520
7760
8568
7776
7224
4400
2590
3734
2541
7172
9513
148
8708
3070
4284
3041
8979
8592
3362
4437
8511
9716
2830
3246
1372
5157
3571
4168
1109
111
27
5051
5279
6218
3521
3375
5087
2767
883
9902
7290
7207
7587
6446
5357
9888
3123
4380
3757
9445
5995
8369
4826
2790
3263
2804
4930
5322
6404
2068
829
8421
2625
2430
7145
4463
4869
2490
9548
910
7953
6213
7709
3460
7147
1305
2129
6383
7889
1484
2034
9191
412
1664
4115
1657
225
2490
2956
718
8444
9764
6363
8815
9073
8869
4582
5158
9301
894
5019
634
4831
2848
1492
9782
661
1366
5643
1958
675
8546
7433
4921
34
1638
8009
962
8314
5489
4238
2380
9533
8831
2465
8189
9849
8894
4387
8277
6723
6971
7082
6995
6464
1400
4361
7564
172
4333
997
8859
6847
999
43
9897
2332
1443
8781
7435
860
3620
6843
3812
6656
2640
1101
5999
383
3302
9932
1766
6979
7365
5235
3704
1465
438
8456
8634
7276
446
790
3982
4492
5379
5533
8535
8789
2568
5858
8407
113
6951
7418
3103
128
3270
339
3825
300
8362
7182
6869
4401
9230
1880
9481
5763
6338
8433
1894
2986
148
160
415
2830
2862
9319
1278
7107
2565
7209
7815
7444
1525
1654
29
9947
2133
3576
8194
100
4632
8334
8914
3264
3921
9580
5262
3499
6051
2772
2451
4134
3965
5422
9965
6792
7003
273
7266
3950
9061
6717
7734
1153
9367
9425
2877
7577
1852
9534
3631
2763
240
1794
8354
1814
1245
7151
8909
3281
4058
7778
1057
9793
4758
3681
3480
6102
1688
3236
2944
1860
6309
4244
1038
7914
600
7762
3896
4495
6704
7685
1648
6516
9141
9688
3895
2171
7068
8152
5548
9852
1363
3986
9892
1283
5661
7941
6394
5686
5946
6774
5889
8615
6591
1771
6453
5995
756
440
1214
3483
3255
4414
6577
6373
6131
4540
652
5069
9786
1309
9034
3536
7688
3091
497
2324
4352
9755
2254
2659
1368
8210
8549
9930
1796
3032
9925
7371
3236
7899
1415
6628
6939
2065
6598
6949
7409
3519
5152
1121
7289
1326
5900
4637
7739
2353
928
3500
1274
4129
1644
1001
8186
8554
2116
5045
5864
6646
4577
3099
4615
3281
1834
1887
9894
2407
6597
5623
6493
3548
4915
833
4603
1133
5369
43
2310
3913
2192
9442
2104
6425
6097
9106
6255
414
8442
8384
9949
1554
1085
763
8942
2053
6506
4009
9491
4013
4743
5332
5756
5304
7007
7726
9214
812
6398
7054
3185
2074
2735
1952
4455
5135
995
8189
7184
2728
5632
9480
3965
8213
5674
4940
2463
4153
1891
2550
4626
1361
551
8297
9170
6859
3687
6800
9418
8371
9892
5444
4015
1389
5199
7876
8818
9132
6307
3808
1058
8317
6824
6764
8381
5262
1368
7542
9630
2068
5263
5061
8921
3848
2428
1825
1523
4438
2782
7596
1448
4195
8771
8813
2835
188
5465
2577
3014
7797
6121
3331
7845
8083
1492
6309
4536
3787
9916
3908
5491
6144
7170
7351
3108
4831
6523
168
8960
3374
6354
4381
6351
8711
2360
6863
9545
8011
3929
8193
9796
8791
4528
1833
5946
1933
7216
839
2356
6118
7288
7736
4522
8873
2105
5303
7025
1420
5705
8004
3665
5298
3616
9640
1444
1740
6979
9134
5723
4629
6763
6524
9857
1723
4112
6700
1617
5337
1405
1176
7615
5685
7811
2843
6086
8617
9859
7477
6606
7057
9837
8126
2307
5925
4528
4498
5175
4888
389
4206
4953
8082
5115
7726
9354
764
7878
2799
4762
5405
3687
1688
16
4529
390
7980
7487
774
3554
2827
1881
9501
2528
8666
4792
8637
4218
3933
7195
9613
1525
6728
4949
7198
6222
9533
570
85
3488
5322
740
7061
2716
1201
3370
8149
8110
7777
5536
6548
7011
4402
1334
7562
2326
5452
5554
6449
2935
718
6546
3946
5604
5149
3881
6958
6739
2817
8307
856
7411
7402
7286
8232
2087
4820
6785
1328
5296
6643
528
6441
8396
647
2602
7122
5394
7387
4873
771
3979
4120
7150
2770
8776
6793
1457
7567
7320
6411
1411
5294
9470
4680
9136
9609
7116
3102
5475
7505
8666
4227
1154
6292
191
105
5549
4957
2547
6758
1565
9352
7943
7536
6877
3291
253
4516
9456
5293
3363
9218
4007
8884
5232
5233
6971
3717
1511
2993
7
2293
1912
7368
2105
9752
2967
858
2580
8671
1244
6500
5020
562
4847
2058
7350
1934
7803
5846
9356
2600
3646
182
4142
9448
220
2269
1060
4957
3134
1833
3447
9554
6752
9272
7440
576
5432
7124
325
9394
1936
785
4049
6863
4198
3446
4038
3175
7883
5037
5913
5664
3636
7406
8647
1730
3226
2657
9533
699
9798
7623
5538
9411
3053
5466
3809
5575
4617
6774
6502
680
5522
9962
664
2861
6132
7279
5250
6773
8231
7885
7073
8097
5919
7782
5918
9346
626
5711
7350
2776
7590
9625
9595
4313
5247
4638
3810
8731
9636
8463
8557
1109
8534
5234
143
3674
6742
5786
5597
5946
7406
2760
2468
1914
550
7440
3492
5271
9548
4463
4950
8906
9424
3727
3089
5896
367
6351
7614
1495
3469
6518
7137
9768
9327
5965
9562
686
7640
2244
2604
4839
114
1404
5369
4830
7158
7682
3764
7806
1147
8539
9183
5173
3513
9650
1685
4808
2145
4247
3308
392
8171
4103
2477
888
5623
2699
2586
4585
7878
2806
7631
7304
1859
111
8793
8020
8357
8258
8737
2684
2588
9808
348
4930
7335
1964
6255
9677
4280
4754
8540
3393
8935
2213
6668
6010
8927
4482
9207
4459
5096
9178
9927
8340
909
1879
3314
3403
858
3665
6451
3887
5509
624
7804
8363
3755
7547
3553
3660
6444
2909
305
3125
4266
4238
8369
9646
3442
2783
9092
3876
9051
4278
7588
3409
9880
2008
4022
5457
8649
2852
8819
616
8302
4654
7883
8312
4409
8305
2255
1381
929
5547
8015
2188
8873
6803
4075
6670
3510
3668
9960
8074
4572
2576
4835
1232
3036
4395
8482
1748
3526
8096
5011
3593
4089
9689
4822
9611
6354
57
5238
5137
528
7712
2947
3504
6263
5400
4535
3077
7932
7351
1947
4981
2891
746
6043
5727
9818
6652
5276
14
9822
508
7855
2833
537
4423
8098
9183
1982
4463
317
3453
8430
4824
7546
6859
9628
1332
4968
7635
9860
5405
3815
6174
6149
30
702
3344
3647
9095
9793
9702
4780
5224
5315
21
9857
115
2967
1841
7302
5351
1096
3470
7035
8494
6551
8067
3199
9184
6098
8487
1684
7641
153
4417
6692
1681
6684
508
3721
4755
5537
2887
4670
614
8672
3206
